# Camera list with one line of data per camera:
#   CAMERA_ID, MODEL, WIDTH, HEIGHT, PARAMS[]
# Number of cameras: 47
1 SIMPLE_RADIAL 640 480 1567.0091055738596 320 240 -0.13789198280669668
2 SIMPLE_RADIAL 640 480 1576.4683396478872 320 240 -0.11253718312697787
3 SIMPLE_RADIAL 640 480 1565.1871379230749 320 240 -0.19192436230757418
4 SIMPLE_RADIAL 640 480 1495.3487715587039 320 240 -0.16991051735445781
5 SIMPLE_RADIAL 640 480 1516.279606392301 320 240 -0.16986030295687141
6 SIMPLE_RADIAL 640 480 1549.6181835751388 320 240 -0.38462070567851142
7 SIMPLE_RADIAL 640 480 1553.8614685596795 320 240 -0.37800795035270118
8 SIMPLE_RADIAL 640 480 1562.9950380055468 320 240 -0.43010333614515417
9 SIMPLE_RADIAL 640 480 1568.582548573346 320 240 -0.32408397675072875
10 SIMPLE_RADIAL 640 480 1548.5966382357076 320 240 -0.41723934124846745
11 SIMPLE_RADIAL 640 480 1541.7031403578692 320 240 -0.36179961422295909
12 SIMPLE_RADIAL 640 480 1532.0070118846854 320 240 -0.38905174927157066
13 SIMPLE_RADIAL 640 480 1568.159272010098 320 240 -0.39122067581556269
14 SIMPLE_RADIAL 640 480 1565.6718482584085 320 240 -0.35832639731123167
15 SIMPLE_RADIAL 640 480 1540.5622701413315 320 240 -0.37003827810841838
16 SIMPLE_RADIAL 640 480 1543.8595161104195 320 240 -0.24495224965895648
17 SIMPLE_RADIAL 640 480 1527.8622038565643 320 240 -0.27769634101145058
18 SIMPLE_RADIAL 640 480 1555.7893605657882 320 240 -0.2382423720963732
19 SIMPLE_RADIAL 640 480 1463.7612295570702 320 240 -0.27782531368115981
20 SIMPLE_RADIAL 640 480 1503.6123449637305 320 240 -0.29054167210235143
21 SIMPLE_RADIAL 640 480 1556.0827094110712 320 240 -0.17843177514421535
22 SIMPLE_RADIAL 640 480 1531.2328031635798 320 240 -0.13210000974739672
23 SIMPLE_RADIAL 640 480 1575.0105947434124 320 240 -0.13694072205311475
24 SIMPLE_RADIAL 640 480 1567.0770098034391 320 240 -0.12199932849049321
25 SIMPLE_RADIAL 640 480 1568.9339295240843 320 240 -0.092812597248851728
26 SIMPLE_RADIAL 640 480 1570.0219141579159 320 240 -0.070701908099367106
27 SIMPLE_RADIAL 640 480 1562.8145238985653 320 240 -0.094255772931475856
28 SIMPLE_RADIAL 640 480 1566.3556561264177 320 240 -0.13513468628210734
29 SIMPLE_RADIAL 640 480 1564.9065867711506 320 240 -0.13514901854203545
30 SIMPLE_RADIAL 640 480 1558.5316496104219 320 240 -0.15401926185962053
31 SIMPLE_RADIAL 640 480 1545.6079914850436 320 240 -0.15771339666112885
32 SIMPLE_RADIAL 640 480 1549.3201811599624 320 240 -0.37644861768835441
33 SIMPLE_RADIAL 640 480 1487.488003789553 320 240 -0.4062669291249778
34 SIMPLE_RADIAL 640 480 1546.6759531634448 320 240 -0.32247019916367275
35 SIMPLE_RADIAL 640 480 1516.7169269280193 320 240 -0.37869268154464869
36 SIMPLE_RADIAL 640 480 1513.0247817715945 320 240 -0.37466887522209003
37 SIMPLE_RADIAL 640 480 1529.9036101929262 320 240 -0.37138757953816065
38 SIMPLE_RADIAL 640 480 1537.4163945155533 320 240 -0.43961570369870073
39 SIMPLE_RADIAL 640 480 1551.9528876775232 320 240 -0.45702114936526894
40 SIMPLE_RADIAL 640 480 1510.1876909054224 320 240 -0.41420400857198247
41 SIMPLE_RADIAL 640 480 1499.3507049395739 320 240 -0.3851119734703789
42 SIMPLE_RADIAL 640 480 1558.3006993713923 320 240 -0.41200755952746493
43 SIMPLE_RADIAL 640 480 1543.7664303461152 320 240 -0.37257746690758814
44 SIMPLE_RADIAL 640 480 1534.6589434605764 320 240 -0.35639791886317895
45 SIMPLE_RADIAL 640 480 1551.7316347055228 320 240 -0.34097940084074013
46 SIMPLE_RADIAL 640 480 1558.8982424246385 320 240 -0.33319149118778407
47 SIMPLE_RADIAL 640 480 1561.902772630669 320 240 -0.35914022660239409
